[702.931]
[750.428]
[746.436]
[711.116]
[732.098]
[724.8]
[729.307]
[716.673]
[735.579]
[766.222]
[741.541]
[729.704]
[748.077]
[757.936]
[708.899]
[728.29]
[782.168]
[717.791]
[758.058]
[737.922]
[730.636]
[760.337]
[766.065]
[739.967]
[742.226]
[760.29]
[760.013]
[757.13]
[750.319]
[730.536]
[728.232]
[733.441]
[751.187]
[752.573]
[756.264]
[735.148]
[739.235]
[713.67]
[735.869]
[764.53]
[734.997]
[750.228]
[703.552]
[744.794]
[769.889]
[768.525]
[781.667]
[733.305]
[762.418]
[741.368]
[742.003]
[726.712]
[752.404]
[749.12]
[730.438]
[760.368]
[741.587]
[742.51]
[714.995]
[751.811]
[734.969]
[755.869]
[759.823]
[753.152]
[725.344]
[723.669]
[724.175]
[750.573]
[737.666]
[725.526]
[719.543]
[722.871]
[739.496]
[779.08]
[736.025]
[744.387]
[732.587]
[757.117]
[788.865]
[766.638]
[732.928]
[726.262]
[719.613]
[763.688]
[751.587]
[755.102]
[730.146]
[740.323]
[721.598]
[752.77]
[722.354]
[768.35]
[738.846]
[748.271]
[774.663]
[725.471]
[774.65]
[716.846]
[734.037]
[738.99]
[757.253]
[723.319]
[742.902]
[748.398]
[721.826]
[742.423]
[759.88]
[733.511]
[772.888]
[736.828]
[749.464]
[729.016]
[745.457]
[740.714]
[725.04]
[748.775]
[749.535]
[759.05]
[751.035]
[745.93]
[768.616]
[747.585]
[752.045]
[731.193]
[732.958]
[765.262]
[725.797]
[751.856]
[702.359]
[735.852]
[737.692]
[728.27]
[770.933]
[762.388]
[730.655]
[796.697]
[747.964]
[712.689]
[747.399]
[768.578]
[734.947]
[744.027]
[725.536]
[715.725]
[749.066]
[737.097]
[700.199]
[760.725]
[741.327]
[715.201]
[751.362]
[746.435]
[748.823]
[754.628]
[757.923]
[763.608]
[714.286]
[771.47]
[723.924]
[757.234]
[757.711]
[731.853]
[756.362]
[743.521]
[718.679]
[709.573]
[720.2]
[769.985]
[742.352]
[739.453]
[758.3]
[758.034]
[728.628]
[753.221]
[735.924]
[726.426]
[717.898]
[745.521]
[718.153]
[720.212]
[731.462]
[730.6]
[764.241]
[729.032]
[721.914]
[747.847]
[730.371]
[746.592]
[738.966]
[767.965]
[762.274]
[747.361]
[730.035]
[764.482]
[740.716]
[756.776]
[753.547]
[759.522]
[726.493]
[742.936]
[725.219]
[715.94]
[703.283]
[758.833]
[755.259]
[745.116]
[750.673]
[725.99]
[739.963]
[765.939]
[747.46]
[750.557]
[759.718]
[731.77]
[744.577]
[761.992]
[730.576]
[752.175]
[750.882]
[756.151]
[718.309]
[742.87]
[751.38]
[731.178]
[740.858]
[736.383]
[757.245]
[757.356]
[736.328]
[736.306]
[771.699]
[749.983]
[734.497]
[751.982]
[765.935]
[735.191]
[734.634]
[759.884]
[738.188]
[702.664]
[766.691]
[797.136]
[739.557]
[738.962]
[705.911]
[759.995]
[744.321]
[722.003]
[709.628]
[729.115]
[724.616]
[731.605]
[759.608]
[756.256]
[710.545]
[762.32]
[755.569]
[777.138]
[777.775]
[736.693]
[754.058]
[689.577]
[755.286]
[734.379]
[758.]
[739.514]
[722.662]
[745.137]
[745.859]
[722.498]
[740.378]
[704.713]
[755.536]
[718.844]
[713.707]
[728.118]
[737.231]
[746.401]
[719.774]
[736.371]
[738.48]
[729.114]
[757.603]
[766.774]
[753.098]
[744.151]
[731.73]
[726.845]
[739.249]
[743.874]
[752.087]
[737.875]
[773.311]
[724.101]
[723.571]
[742.241]
[781.068]
[741.071]
[755.563]
[788.527]
[721.223]
[735.998]
[736.063]
[759.374]
[751.843]
[742.56]
[756.756]
[761.005]
[747.515]
[740.768]
[742.906]
[766.374]
[766.004]
[726.662]
[700.919]
[751.857]
[751.414]
[764.967]
[707.299]
[734.026]
[743.746]
[745.141]
[728.175]
[745.388]
[755.651]
[699.834]
[773.524]
[707.312]
[734.337]
[775.295]
[728.101]
[759.779]
[756.816]
[758.963]
[707.166]
[737.042]
[733.192]
[745.75]
[818.232]
[737.913]
[748.179]
[748.922]
[701.515]
[712.827]
[713.799]
[775.258]
[722.445]
[738.427]
[707.937]
[733.439]
[711.568]
[766.949]
[761.325]
[733.249]
[742.556]
[788.243]
[750.466]
[772.371]
[721.154]
[731.336]
[735.651]
[701.903]
[771.409]
[702.61]
[726.7]
[758.378]
[732.354]
[754.059]
[749.866]
[743.949]
[718.734]
[740.829]
[753.471]
[740.621]
[759.926]
[742.162]
[741.756]
[708.007]
[772.498]
[736.664]
[725.885]
[735.289]
[721.443]
[758.907]
[753.653]
[741.806]
[723.967]
[742.994]
[724.336]
[734.217]
[735.462]
[729.223]
[728.035]
[721.07]
[727.336]
[761.881]
[739.768]
[734.581]
[745.45]
[728.191]
